world: c1473c7d-f60f-4702-abb3-dcae7157033f
world-name: Lobby
x: -84.25522991513142
y: 72.0
z: -31.816639982393237
yaw: 27.5484619140625
pitch: -1.4844536781311035E-4
name: tienda
lastowner: 0ca63922-b5d5-36c7-8892-10e0fdcb3da5
