jails: 
  celda2: 
    world: Hub
    x: -59.63293220384469
    y: 72.0
    z: 0.5580002196582838
    yaw: -90.14038
    pitch: 4.5451264
  celda1: 
    world: Hub
    x: 2.5162980288809167
    y: 72.0
    z: -61.4872236534361
    yaw: -359.92737
    pitch: 1.2489737
  celda4: 
    world: Hub
    x: 64.47286901089633
    y: 72.0
    z: 0.5221795964390796
    yaw: -270.0005
    pitch: 0.3050718
  celda3: 
    world: Hub
    x: 2.479626502527183
    y: 72.0
    z: 62.53340665099391
    yaw: -180.50842
    pitch: -0.6487653
