world: c1473c7d-f60f-4702-abb3-dcae7157033f
world-name: Lobby
x: 61.81816070595008
y: 74.0
z: -43.25462182632936
yaw: -123.82464599609375
pitch: -3.149940013885498
name: playa
lastowner: 0ca63922-b5d5-36c7-8892-10e0fdcb3da5
