spawn:
  world: Hub
  x: 2.621067316739266
  y: 68.0
  z: 0.893785737395646
  yaw: 0.86127007
  pitch: 0.4498345
firstspawn:
  world: Hub
  x: 2.5
  y: 68.0
  z: 0.5
  yaw: -358.3877
  pitch: 17.201273
